  -1.3337156594    0.0182027123   -0.6002064618   -0.0023638059   -0.2967276248   -0.0939283080   -0.6420135813    0.2062844124   -0.3938535871   -0.0509320557
  -1.2758469219    0.2703089081   -0.4864160369   -0.0847095423    0.1997779480    0.5576881170   -1.0545655648   -0.0477763330   -0.2667947922   -0.6089603644
  -1.4683924329   -0.5217386772   -0.6638025961   -0.3369532967    0.6143185045   -0.4081209882   -0.4794749856   -0.7079267400   -0.5733018332   -0.2029888379
  -1.8945226138    0.0039360709    0.1714883750   -0.2291334451   -0.0489499089   -0.4578085083   -0.2272773604   -0.1209146865    0.3342534516   -0.7258283227
  -1.3628614427   -0.1366543089   -0.9889264291   -0.0930374166    0.7706129045    0.6083975208   -0.6741703603    0.3272727069   -0.4969914840    0.1515938664
  -0.8366219406   -0.7360563628   -0.6556628370   -0.3660636314    0.8186726052    0.5260649292   -0.4179861669   -0.1250720691   -0.5536962659    0.1979866381
  -1.2579800531    0.6942112191   -0.4076441478   -0.1461968961    0.3943944489    0.4447113778    0.1008696197    0.3479549601    0.0513429157   -0.0742839033
  -0.9940730902    0.0439878071   -0.1830620724   -0.3077921505    0.1297569602   -0.1149106601   -0.0855076813   -0.0790687209    0.0489166185   -0.4138324024
  -1.9676486705    0.1093763065    0.2471885180   -0.5683474160   -0.0524732911    0.1185512965   -0.0208060153    0.2898702966    0.0558613818    0.2314195145
  -1.2807192561   -0.2762920407    0.2597338316   -0.1119847393    0.4118797299    0.4490546537   -0.3776324928   -0.4654111736   -0.3767780085   -0.3942896875
  -1.4961798793    0.2230184876    0.2192062029    0.0589079717    0.1323472001   -0.1063120383   -0.1882248379    0.2020702516    0.0057449220   -0.1449022854
  -1.5599955398   -0.7264334619   -0.5541534704   -0.3416454384   -0.0446665027   -0.0414562152   -0.3037557489   -0.4593953533   -0.2605287785   -0.1653213728
  -1.6286731993    0.5163650823    0.0339310272   -0.0180951248    0.2360598038    0.4018506776    0.1855912690   -0.3102484132   -0.2448510804   -0.1467772193
  -1.6058445121    0.6225572567   -0.0917373804    0.3936666969   -0.4385140874   -0.2378795132   -0.2109818266    0.1238830059    0.2106528487   -0.3989352505
  -1.5899665945    0.6428609299   -0.3260405546   -0.1830561823    0.2038711266   -0.1285426865   -0.1888293947   -0.2093397582   -0.1558326425   -0.4960200775
  -1.1480117746   -0.3578588793   -0.8108150868   -0.4887844560    0.6042590933    0.8452912361   -0.4510392488   -0.0281493888   -0.4263247183    0.0546318822
  -1.5108858042    0.3008719623   -0.2695688949    0.0508925221   -0.3056728537    0.3524000838   -0.2570910469   -0.3582214293   -0.7131325888   -0.4268026234
  -1.1959514210   -0.1044379707   -0.7647290324   -0.3725542212    0.6648065467    0.5184566702   -0.5210094077   -0.3936958923   -0.9613208566   -0.5761168581
  -1.3756922411    0.1200009475   -0.5592409208    0.3957684184    0.1186188783    0.0830651115   -0.0244742959    0.1408112068    0.3374219306   -0.2162306935
  -1.1215620403   -0.2801395788   -0.7857937671   -0.5162599267    0.9329831738    0.0933118935   -0.5805100861    0.1840372949   -0.8684482419   -0.1050100347
  -1.6537431165    0.3410882214   -0.1462193199    0.1005727553   -0.1068166302   -0.0224962189   -0.3538077775   -0.2675916234    0.3657090489    0.2896030078
  -1.0520936616   -0.3134808553   -1.2353588253   -0.2974700301    0.2594387936   -0.2792377239   -0.4364819754   -0.1689754907   -0.6262930818    0.0314094362
  -1.3474064960    0.2340438717    0.1534102827   -0.2270749417   -0.1864763219   -0.2251265706   -0.9896442373    0.0200117296    0.1744040126    0.2185053159
  -0.7584334922   -0.9269009775   -0.4855498811    0.0299817516    0.3979609260    0.2758422131   -0.5960747632   -0.2674371363   -0.2637887719    0.3286675125
  -0.7810293255   -0.6118787980   -0.6525623777   -0.2207158793    0.4631131526    0.1456879720   -0.0662464186    0.3344039349   -0.1891391695   -0.7148025574
  -1.1193099124   -0.4799245418   -0.7194309374    0.3365943896    0.7091222888   -0.1294105170   -0.9483622367    0.0929738499   -0.6572509147    0.1089908700
  -1.5529344255    0.1645141016   -0.4656101716   -0.0743569662    0.7514665918    0.0855485059   -0.6360909521    0.1549104493   -0.5290648433   -0.1071886860
  -1.3548180777    0.1242297710   -0.4130999682   -0.0618499619    0.0181305759   -0.3984881736    0.2171041246   -0.2589918849    0.0132525233    0.3097749274
  -1.2641317139    0.1619852626   -0.3549262778   -0.3156345009    0.0433477718   -0.2884951879   -0.0049415969   -0.3048842927    0.2439913580   -0.6028642109
  -1.8126317571    0.1627311855   -0.4918508294    0.1927957481    0.1278046761   -0.2215193330   -0.2088209952    0.4761459012   -0.2314259186   -0.2060746775
  -1.4782308887   -0.7635203850   -0.5661976780   -0.3330317975    0.9105223620    0.3247804349   -0.1384786541   -0.2820261038    0.0254304751    0.2255073257
  -1.6626248667    0.2144342622    0.4745118190    0.2274297894   -0.2116530320    0.0815113046    0.3240918170   -0.5636843513    0.1544031266    0.1743736749
  -1.5513775526   -0.1786991885   -0.1006037643    0.1787105748   -0.1557555658   -0.3707749845    0.0547833812    0.0747138647   -0.4184787910   -0.1383300017
  -1.6219338683    0.2957791496   -0.1930744232    0.5176599138    0.0895610613    0.0755743595    0.1100129934   -0.3484350400    0.2136384870    0.0916986633
  -1.9867414125    0.3618769691   -0.1483926800    0.1474106773    0.2848117153   -0.1153936855   -0.4100812702   -0.5372761277   -0.1187180678   -0.5651771134
  -1.2261459599   -0.6125029482   -0.4831033884    0.0472284504    0.6427385048    0.3062408850   -0.8307082871   -0.1036669199   -0.6980361108    0.2923787560
  -1.3398142218    0.6726044518   -0.2376205364    0.3479171496   -0.5870396428   -0.0817425015   -0.0038426192   -0.0213669946    0.2284998651    0.2254852384
  -1.5813509733   -0.1246252857   -0.4923659675    0.2334670450   -0.3920415971    0.2224276131    0.4183008983   -0.0227314674    0.3397897339   -0.3413479892
  -1.2245963332   -0.1070945580   -0.6081425887   -0.0562378049    0.7013975631    0.5066113772   -0.9394775001   -0.0483349984   -0.3912546262   -0.4207905110
  -0.9471821035   -0.3197144211   -0.7942525210   -0.1315626329    0.2982817227    0.5771674340   -0.9120636503    0.3526732802   -0.4776195415   -0.4156749205
  -0.5738280821   -0.4975179713   -0.6350726455   -0.3562508966    0.4412132090    0.1299661390   -0.3876892035   -0.2261111562   -0.3409972988   -0.5069007606
  -1.4716547325    0.6009019309    0.1233518867   -0.0250613867    0.1313094246    0.0155399768   -0.2603563949    0.0875954261    0.0890308011   -0.6565947446
  -1.8394257832    0.2038976519   -0.0231511681    0.3243028759    0.1862513219   -0.5567688483    0.4862240318    0.2541420998    0.1397149800    0.1011945346
  -1.2018426586   -0.1839892220   -0.4352172748   -0.1637886422    0.3314699680   -0.0662350373   -0.6851311378   -0.4845727868   -0.8680313671   -0.0236711747
  -1.2136058227   -0.1582253293   -0.6396869028   -0.5591619248    0.4842776531    0.2557394332   -0.2281541045    0.0388621513   -0.3404301277   -0.0637027115
  -1.0669247483   -0.1592843030   -0.6758272659    0.3879170159    0.7621081166    0.3174338155   -0.9504977166   -0.0750343094   -0.1307181526   -0.2241130957
  -1.7533090797    0.7697990661    0.3856792085   -0.5742127814   -0.1743967811    0.2507261945   -0.3724618401   -0.0639957674    0.1427910816   -0.4545547545
  -1.2673794315   -0.1898373184    0.0976946093   -0.0801771269   -0.2673067096   -0.3560159182    0.0767342466   -0.0002952445    0.2929712251   -0.7507296757
  -1.6857947430    0.0847704737    0.2584314543    0.1005720118    0.0702739797   -0.7406324214    0.0831123982   -0.0983972007    0.5104146635    0.0509884654
  -1.0069964681   -0.5125339589   -1.2973857660    0.0614948422    0.4583198766   -0.0696898805   -0.6713222454   -0.2851666861   -0.4916333180   -0.1479291249
  -0.8286557040    0.2319133310   -1.0013506022    0.0490446897    0.6375880417   -0.0111775553   -0.4487820997   -0.5045964993   -0.6255430930   -0.3982824419
  -1.3645991941   -0.8829981682   -0.3033911386    0.1695226838    0.2320923613   -0.3125745765   -0.8961325193    0.0650442363   -0.2437814532   -0.6704359640
  -1.6099874139    0.6653229543   -0.3093730739   -0.1263180938   -0.0187364767    0.3838310410    0.2259839726   -0.4377439225   -0.1955528750    0.3922156785
  -1.1002869621    0.4883355953    0.1292341153    0.1731527088    0.5228161311   -0.1630982502    0.5425995953   -0.1782895644   -0.2802618313   -0.0752869682
  -1.2261617953   -0.6415398858   -0.6201242236   -0.6407154057   -0.0923400844   -0.3957787855   -0.5995617224   -0.3322401755   -0.3808016062    0.3416054606
  -1.2252495234   -0.3866617219   -0.5993022008   -0.4578561966    0.3902752627    0.2423848047   -1.3448439358   -0.3094573732   -0.6819516563   -0.5730080153
  -1.0040900147    0.2344930507   -0.7194981345   -0.3527224700    0.2663381775   -0.0182193484   -0.5814607901    0.0034452870   -0.2232317057   -0.0296199554
  -2.0925333457    0.0793262522    0.0189328508   -0.4968015485    0.4231031879   -0.1562499122    0.2864340342   -0.1948935541   -0.2919762085   -0.2772815953
  -1.2355984807   -0.5786557641   -0.3637837627    0.2320290075    0.2589037372    0.0913107314   -0.5906294577   -0.6244239968    0.0032331421   -0.1780612497
  -1.1445657514   -0.2177328823   -0.7009085106    0.5251752977    0.4961162482   -0.1540569546   -1.1738417609   -0.0676563114   -0.6748251510   -0.3134119629
  -1.6834023121    0.4458182734   -0.0203192913   -0.0608673579    0.1818583378    0.2441286239    0.1799169306   -0.2711000557    0.5019620891    0.3707577524
  -0.6737951668   -0.3438333298   -0.5158503117    0.0222730038    0.9877280475    0.4075409178   -0.4325992079   -0.4613245652   -0.2118826589   -0.0720919235
  -0.7994127335   -0.6163084684   -0.6085660142   -0.4668691667    0.5806289406    0.2400198664   -0.6788766376   -0.1182829211   -0.3823983917   -0.3180279946
  -1.0489124414    0.4300701239   -0.0437750847   -0.0562372742    0.0845888014   -0.2433752250    0.3308706172    0.2779646100    0.2704922582   -0.2779240762
  -1.6269025664   -0.2144971058   -0.2783924641    0.0668088693    0.0401341258   -0.2128823683    0.8300473128   -0.0464008086   -0.0406499787   -0.4187728775
  -1.5117956244   -0.0898063605   -0.0265409979   -0.2524655344    0.2081915134    0.1707638664    0.1095490800   -0.7279467721   -0.3888645416    0.1485482593
  -0.9964822804   -0.6363741674   -0.2692651605   -0.1024790535    0.0414529087    0.0901744296   -0.3223190867   -0.4238308327   -0.1287419309    0.3521267551
  -2.0354055928    0.4055373591    0.0948620906   -0.1665383626    0.0931077685   -0.6724774608    0.1364021523    0.2681947349   -0.3919566908   -0.4561452713
  -1.2870421942   -0.2490434481    0.3704002990   -0.2281031667   -0.1616413753   -0.1504680816    0.0010504809    0.1297478283    0.0124524140   -0.4831598196
  -0.7046490212   -0.3902312670   -0.6146798944   -0.2120367755    0.4590003963    0.3147597589   -0.5599300608   -0.5483480887   -0.0986336667   -0.1667961395
  -1.8411440890    0.7353272393    0.2751519365   -0.1252911965    0.3077433248   -0.4818213788   -0.3080270171   -0.2884635131    0.4939456128   -0.1831436253
  -1.2368617316   -0.4364598882   -0.6959926454   -0.6834393480    0.8316580694    0.4673704320   -0.7732358318   -0.1825389121   -0.7989305829    0.0493582406
  -1.3970595991    0.3522332593   -0.5238256595    0.0356344445    0.2994740902   -0.4685170069    0.4756907328    0.0849328753    0.7399145645    0.0441676621
  -1.3484463758   -0.2753540055   -0.7076137697   -0.2270011212    0.3903703283   -0.2995187146   -0.0731005094   -0.0221138635   -0.4679377122   -0.0270039200
  -0.7508726902   -1.0705644234   -0.6694029939   -0.3304556262    0.6148050468    0.0399632650   -0.6818680105   -0.1601720330   -0.1577243649   -0.0915594011
  -1.3102230730    0.3151444393   -0.1571826797   -0.0028419651   -0.5401706185   -0.4080898776    0.5418757692   -0.0295191892   -0.0160380470   -0.3893385717
  -1.1901249117   -0.3354137627   -0.2840581628   -0.1065355715    0.5155876133    0.4520663309   -0.4176971243   -0.0189444243    0.2231128330   -0.5346559616
  -0.7571936150   -0.3207567767   -0.6351434429   -0.5195378242    0.0543098479    0.2161621554   -0.5470655832    0.2673629218   -0.6297398360    0.0277125408
  -1.0032277563   -0.3577912146   -0.5476566921   -0.0971595012    0.9537422026    0.7839445539   -0.3918005919   -0.4573321066   -0.1296394882    0.1189876827
  -1.6387536257   -0.1108413114   -0.4817572090    0.2119173039    0.5104257961   -0.0123253149    0.1334392395   -0.7863232741    0.0295859829   -0.2354888887
  -1.5241611392   -0.5855364503   -0.1727023360    0.2325581150    0.0070208926   -0.1411039999   -0.7224454695   -0.0205100392   -0.1815106019   -0.6393558308
  -2.1223074278   -0.0608152688   -0.1058192766   -0.3573788807    0.4740831772    0.0087571141   -0.1925412105   -0.1111694626   -0.1528109112   -0.3012566266
  -1.0166960361   -0.5948504014   -0.1736864926    0.0372111450    0.2530422300    0.3790476250   -0.8945491289    0.0969127674   -0.6326256806   -0.0181339312
  -1.7920348365    0.0866600018    0.3486839199   -0.4595035850   -0.2305153328   -0.2427567062   -0.2421467905    0.2985569789   -0.3854291321   -0.1178310233
  -1.2084223734   -0.2501130084   -0.9383531671   -0.0260119772    0.5322121167    0.4712131441   -0.4655446130    0.0935348583   -0.9489041222   -0.6151758727
  -1.0327382087   -0.4747706960   -0.9697231749   -0.3056861696    0.5950888799    0.2256099376   -0.6423978927   -0.2512660875   -0.7198955059    0.3502465744
  -1.2072836839   -0.2041437075   -0.4274975183   -0.2999658919   -0.4426857601   -0.1403571566    0.3114277188    0.2304177661   -0.4107127269   -0.6289187615
  -1.1465643818    0.1252784970   -0.5467010000    0.1666110792    0.6179044284    0.2433840907   -0.9667941790   -0.0010296500   -0.9623810047   -0.0230426394
  -0.9059076876   -0.3579535867   -0.4789132402    0.0375133911    0.7899767991    0.4933242070   -0.2168381276    0.3138955607   -0.0536269002    0.0932676180
  -1.7403520115    0.0576143355   -0.3176611593   -0.0102106245   -0.0323803828    0.0536337967    0.3694821325   -0.4295845406   -0.1927765439    0.1153090681
  -1.4488320655    0.1962054574    0.1500312876    0.0418037816    0.2801546633   -0.4346962911   -0.3789358639   -0.3336031030    0.4383065768    0.0813423406
  -1.7961759713   -0.0119112440    0.1366817443   -0.2214535037   -0.2837008458   -0.3751358435   -0.6110541606    0.0073532148    0.0163474578    0.3140946705
  -1.1877280581   -0.6071927819   -0.6776466783   -0.0212443676    0.0787314066    0.3030538218   -0.0412457153   -0.2704698722   -0.4737353980   -0.4076706238
  -1.7853915359   -0.1617571179   -0.1340670509   -0.1418789981    0.1891827919   -0.0918096667    0.0484496562   -0.2896883544    0.5357813425    0.1382919170
  -0.7837343230   -0.4713296616   -0.7576836075   -0.7239672505    0.7898748255    0.2788020052   -0.3986219444   -0.2979327469   -0.4721872974   -0.3293379190
  -0.5625995851   -0.7092240660   -1.0338402908    0.2710444718    0.0264197484    0.3831498735   -0.5622717874   -0.1724960090   -0.0062502210   -0.4718247159
  -1.4424365809    0.0094417651   -0.3273699987   -0.2544434998   -0.2937309928   -0.3886537066   -0.0905848566   -0.1083681541    0.5765520427    0.1281530524
  -1.7726114203   -0.1097229871   -0.5517022091   -0.1104379897    0.1161151042   -0.6613580157    0.0469916769   -0.1933049573    0.0343365864   -0.6531331590
  -1.8217755443   -0.0424450602    0.5677684275   -0.0224360964   -0.3895285303    0.1639516415    0.3529215084   -0.3085699788   -0.0982390734    0.2409363907
  -2.2227521458    0.4106323423   -0.1251894885    0.1518572586    0.1033643654   -0.5308713816   -0.1029137032    0.1161665354   -0.0726554006    0.2431652434
